1 0.793933 0.739958 0.087450 0.179384
1 0.751169 0.747005 0.046127 0.158883
1 0.684381 0.736754 0.110513 0.189634
1 0.573806 0.764623 0.061799 0.091614
1 0.521358 0.772212 0.044723 0.078604
1 0.532742 0.728845 0.026834 0.036320
1 0.520545 0.690356 0.023581 0.038489
1 0.415244 0.684935 0.017889 0.035236
1 0.401014 0.684393 0.021955 0.034152
5 0.529083 0.658915 0.035778 0.037404
1 0.247330 0.738060 0.031712 0.063425
1 0.211552 0.723424 0.021955 0.027647
0 0.174554 0.754323 0.139860 0.106792
0 0.072234 0.767604 0.144468 0.105166
0 0.311975 0.730200 0.107335 0.061799
0 0.371741 0.729116 0.036591 0.045536
0 0.461739 0.687691 0.071353 0.041109
3 0.403453 0.719358 0.060986 0.029273
3 0.406706 0.716919 0.065864 0.027647