4 0.112198 0.590078 0.224396 0.764608
4 0.453613 0.584632 0.501588 0.524893
4 0.771868 0.603880 0.149708 0.233690
4 0.868833 0.621191 0.047468 0.138483
4 0.897030 0.621191 0.053554 0.116845
4 0.939021 0.606044 0.032863 0.062029
4 0.976550 0.616142 0.041383 0.043276
0 0.927256 0.667713 0.045034 0.059865
0 0.942673 0.656533 0.033674 0.066357
0 0.963770 0.658697 0.016634 0.051931
0 0.972696 0.654730 0.016634 0.042555
0 0.987463 0.668794 0.025073 0.056259
0 0.978173 0.639583 0.021908 0.025244
0 0.986895 0.629846 0.018257 0.015868
1 0.830696 0.662303 0.019068 0.093765
1 0.745902 0.670598 0.023126 0.119009
1 0.656037 0.716398 0.045440 0.183202
1 0.659486 0.679613 0.045846 0.177432
1 0.462309 0.715677 0.049903 0.255328
1 0.181303 0.772191 0.094497 0.382872